(kicad_pcb (version 20171130) (host pcbnew 5.1.5)

  (general
    (thickness 1.6)
    (drawings 312)
    (tracks 1518)
    (zones 0)
    (modules 198)
    (nets 17)
  )

  (page A4)
  (layers
    (0 F.Cu signal)
    (31 B.Cu signal)
    (32 B.Adhes user)
    (33 F.Adhes user)
    (34 B.Paste user)
    (35 F.Paste user)
    (36 B.SilkS user)
    (37 F.SilkS user)
    (38 B.Mask user)
    (39 F.Mask user)
    (40 Dwgs.User user)
    (41 Cmts.User user)
    (42 Eco1.User user)
    (43 Eco2.User user)
    (44 Edge.Cuts user)
    (45 Margin user)
    (46 B.CrtYd user)
    (47 F.CrtYd user)
    (48 B.Fab user)
    (49 F.Fab user)
  )

  (setup
    (last_trace_width 0.508)
    (user_trace_width 0.254)
    (user_trace_width 0.381)
    (user_trace_width 0.635)
    (user_trace_width 0.762)
    (user_trace_width 1.016)
    (user_trace_width 1.524)
    (user_trace_width 3)
    (user_trace_width 5)
    (trace_clearance 0.254)
    (zone_clearance 0.8)
    (zone_45_only yes)
    (trace_min 0.2)
    (via_size 1.5)
    (via_drill 0.8)
    (via_min_size 0.4)
    (via_min_drill 0.3)
    (user_via 1 0.5)
    (uvia_size 0.3)
    (uvia_drill 0.1)
    (uvias_allowed no)
    (uvia_min_size 0.2)
    (uvia_min_drill 0.1)
    (edge_width 0.1)
    (segment_width 0.2)
    (pcb_text_width 0.3)
    (pcb_text_size 1.5 1.5)
    (mod_edge_width 0.15)
    (mod_text_size 1 1)
    (mod_text_width 0.15)
    (pad_size 2.54 2.8)
    (pad_drill 0)
    (pad_to_mask_clearance 0)
    (solder_mask_min_width 0.25)
    (aux_axis_origin 0 0)
    (visible_elements 7FFFEFFF)
    (pcbplotparams
      (layerselection 0x00000_fffffffe)
      (usegerberextensions false)
      (usegerberattributes false)
      (usegerberadvancedattributes false)
      (creategerberjobfile false)
      (excludeedgelayer true)
      (linewidth 0.100000)
      (plotframeref true)
      (viasonmask false)
      (mode 1)
      (useauxorigin false)
      (hpglpennumber 1)
      (hpglpenspeed 20)
      (hpglpendiameter 15.000000)
      (psnegative false)
      (psa4output false)
      (plotreference true)
      (plotvalue true)
      (plotinvisibletext false)
      (padsonsilk false)
      (subtractmaskfromsilk true)
      (outputformat 4)
      (mirror false)
      (drillshape 2)
      (scaleselection 1)
      (outputdirectory "PDF/"))
  )

  (net 0 "")
  (net 1 GND)
  (net 2 /chopper/GATE)
  (net 3 "Net-(R705-Pad2)")
  (net 4 "Net-(D703-Pad1)")
  (net 5 "Net-(R701-Pad2)")
  (net 6 "Net-(R704-Pad1)")
  (net 7 "Net-(C703-Pad2)")
  (net 8 "Net-(D702-Pad2)")
  (net 9 /chopper/-MOTOR)
  (net 10 +15V)
  (net 11 "Net-(C702-Pad2)")
  (net 12 /driver/IR2127_FAULT)
  (net 13 "Net-(C601-Pad1)")
  (net 14 "/POWER SUPPLY +15V/+18V_IN")
  (net 15 /driver/PWM)
  (net 16 "Net-(J107-Pad1)")

  (net_class Default "This is the default net class."
    (clearance 0.254)
    (trace_width 0.508)
    (via_dia 1.5)
    (via_drill 0.8)
    (uvia_dia 0.3)
    (uvia_drill 0.1)
    (diff_pair_width 0.508)
    (diff_pair_gap 0.508)
    (add_net +15V)
    (add_net "/POWER SUPPLY +15V/+18V_IN")
    (add_net /chopper/-MOTOR)
    (add_net /chopper/GATE)
    (add_net /driver/IR2127_FAULT)
    (add_net /driver/PWM)
    (add_net GND)
    (add_net "Net-(C601-Pad1)")
    (add_net "Net-(C702-Pad2)")
    (add_net "Net-(C703-Pad2)")
    (add_net "Net-(D702-Pad2)")
    (add_net "Net-(D703-Pad1)")
    (add_net "Net-(J107-Pad1)")
    (add_net "Net-(R701-Pad2)")
    (add_net "Net-(R704-Pad1)")
    (add_net "Net-(R705-Pad2)")
  )

  (net_class power ""
    (clearance 0.762)
    (trace_width 1.524)
    (via_dia 1.5)
    (via_drill 0.8)
    (uvia_dia 0.3)
    (uvia_drill 0.1)
    (diff_pair_width 0.508)
    (diff_pair_gap 0.508)
  )

  (module Diode_SMD:D_MiniMELF_Handsoldering (layer B.Cu) (tedit 5905D919) (tstamp 5E1618D9)
    (at 186.944 170.053)
    (descr "Diode Mini-MELF Handsoldering")
    (tags "Diode Mini-MELF Handsoldering")
    (path /5CDDB481/5CDDB86E)
    (attr smd)
    (fp_text reference D601 (at 0 1.75 180) (layer B.SilkS)
      (effects (font (size 1 1) (thickness 0.15)) (justify mirror))
    )
    (fp_text value LL4148 (at 0 -1.75 180) (layer B.Fab)
      (effects (font (size 1 1) (thickness 0.15)) (justify mirror))
    )
    (fp_text user %R (at 0 1.75 180) (layer B.Fab)
      (effects (font (size 1 1) (thickness 0.15)) (justify mirror))
    )
    (fp_line (start 2.75 1) (end -4.55 1) (layer B.SilkS) (width 0.12))
    (fp_line (start -4.55 1) (end -4.55 -1) (layer B.SilkS) (width 0.12))
    (fp_line (start -4.55 -1) (end 2.75 -1) (layer B.SilkS) (width 0.12))
    (fp_line (start 1.65 0.8) (end 1.65 -0.8) (layer B.Fab) (width 0.1))
    (fp_line (start 1.65 -0.8) (end -1.65 -0.8) (layer B.Fab) (width 0.1))
    (fp_line (start -1.65 -0.8) (end -1.65 0.8) (layer B.Fab) (width 0.1))
    (fp_line (start -1.65 0.8) (end 1.65 0.8) (layer B.Fab) (width 0.1))
    (fp_line (start 0.25 0) (end 0.75 0) (layer B.Fab) (width 0.1))
    (fp_line (start 0.25 -0.4) (end -0.35 0) (layer B.Fab) (width 0.1))
    (fp_line (start 0.25 0.4) (end 0.25 -0.4) (layer B.Fab) (width 0.1))
    (fp_line (start -0.35 0) (end 0.25 0.4) (layer B.Fab) (width 0.1))
    (fp_line (start -0.35 0) (end -0.35 -0.55) (layer B.Fab) (width 0.1))
    (fp_line (start -0.35 0) (end -0.35 0.55) (layer B.Fab) (width 0.1))
    (fp_line (start -0.75 0) (end -0.35 0) (layer B.Fab) (width 0.1))
    (fp_line (start -4.65 1.1) (end 4.65 1.1) (layer B.CrtYd) (width 0.05))
    (fp_line (start 4.65 1.1) (end 4.65 -1.1) (layer B.CrtYd) (width 0.05))
    (fp_line (start 4.65 -1.1) (end -4.65 -1.1) (layer B.CrtYd) (width 0.05))
    (fp_line (start -4.65 -1.1) (end -4.65 1.1) (layer B.CrtYd) (width 0.05))
    (pad 1 smd rect (at -2.75 0) (size 3.3 1.7) (layers B.Cu B.Paste B.Mask))
    (pad 2 smd rect (at 2.75 0) (size 3.3 1.7) (layers B.Cu B.Paste B.Mask))
    (model ${KISYS3DMOD}/Diode_SMD.3dshapes/D_MiniMELF.wrl
      (at (xyz 0 0 0))
      (scale (xyz 1 1 1))
      (rotate (xyz 0 0 0))
    )
  )

  (module Capacitor_Tantalum_SMD:CP_EIA-6032-20_AVX-F_Pad2.25x2.35mm_HandSolder (layer B.Cu) (tedit 5B301BBE) (tstamp 5E1618C7)
    (at 181.864 164.338 180)
    (descr "Tantalum Capacitor SMD AVX-F (6032-20 Metric), IPC_7351 nominal, (Body size from: http://www.kemet.com/Lists/ProductCatalog/Attachments/253/KEM_TC101_STD.pdf), generated with kicad-footprint-generator")
    (tags "capacitor tantalum")
    (path /5CDDB481/5CDDB860)
    (attr smd)
    (fp_text reference C601 (at 0 2.55 180) (layer B.SilkS)
      (effects (font (size 1 1) (thickness 0.15)) (justify mirror))
    )
    (fp_text value 1uF (at 0 -2.55 180) (layer B.Fab)
      (effects (font (size 1 1) (thickness 0.15)) (justify mirror))
    )
    (fp_line (start 3 1.6) (end -2.2 1.6) (layer B.Fab) (width 0.1))
    (fp_line (start -2.2 1.6) (end -3 0.8) (layer B.Fab) (width 0.1))
    (fp_line (start -3 0.8) (end -3 -1.6) (layer B.Fab) (width 0.1))
    (fp_line (start -3 -1.6) (end 3 -1.6) (layer B.Fab) (width 0.1))
    (fp_line (start 3 -1.6) (end 3 1.6) (layer B.Fab) (width 0.1))
    (fp_line (start 3 1.71) (end -3.935 1.71) (layer B.SilkS) (width 0.12))
    (fp_line (start -3.935 1.71) (end -3.935 -1.71) (layer B.SilkS) (width 0.12))
    (fp_line (start -3.935 -1.71) (end 3 -1.71) (layer B.SilkS) (width 0.12))
    (fp_line (start -3.92 -1.85) (end -3.92 1.85) (layer B.CrtYd) (width 0.05))
    (fp_line (start -3.92 1.85) (end 3.92 1.85) (layer B.CrtYd) (width 0.05))
    (fp_line (start 3.92 1.85) (end 3.92 -1.85) (layer B.CrtYd) (width 0.05))
    (fp_line (start 3.92 -1.85) (end -3.92 -1.85) (layer B.CrtYd) (width 0.05))
    (fp_text user %R (at 0 0 180) (layer B.Fab)
      (effects (font (size 1 1) (thickness 0.15)) (justify mirror))
    )
    (pad 1 smd roundrect (at -2.55 0 180) (size 2.25 2.35) (layers B.Cu B.Paste B.Mask) (roundrect_rratio 0.111111))
    (pad 2 smd roundrect (at 2.55 0 180) (size 2.25 2.35) (layers B.Cu B.Paste B.Mask) (roundrect_rratio 0.111111))
    (model ${KISYS3DMOD}/Capacitor_Tantalum_SMD.3dshapes/CP_EIA-6032-20_AVX-F.wrl
      (at (xyz 0 0 0))
      (scale (xyz 1 1 1))
      (rotate (xyz 0 0 0))
    )
  )

  (module Capacitor_Tantalum_SMD:CP_EIA-6032-20_AVX-F_Pad2.25x2.35mm_HandSolder (layer B.Cu) (tedit 5B301BBE) (tstamp 5E1618B5)
    (at 192.659 156.083)
    (descr "Tantalum Capacitor SMD AVX-F (6032-20 Metric), IPC_7351 nominal, (Body size from: http://www.kemet.com/Lists/ProductCatalog/Attachments/253/KEM_TC101_STD.pdf), generated with kicad-footprint-generator")
    (tags "capacitor tantalum")
    (path /5CDDB481/5CDDB87D)
    (attr smd)
    (fp_text reference C604 (at 0 2.55) (layer B.SilkS)
      (effects (font (size 1 1) (thickness 0.15)) (justify mirror))
    )
    (fp_text value 1uF (at 0 -2.55) (layer B.Fab)
      (effects (font (size 1 1) (thickness 0.15)) (justify mirror))
    )
    (fp_text user %R (at 0 0) (layer B.Fab)
      (effects (font (size 1 1) (thickness 0.15)) (justify mirror))
    )
    (fp_line (start 3.92 -1.85) (end -3.92 -1.85) (layer B.CrtYd) (width 0.05))
    (fp_line (start 3.92 1.85) (end 3.92 -1.85) (layer B.CrtYd) (width 0.05))
    (fp_line (start -3.92 1.85) (end 3.92 1.85) (layer B.CrtYd) (width 0.05))
    (fp_line (start -3.92 -1.85) (end -3.92 1.85) (layer B.CrtYd) (width 0.05))
    (fp_line (start -3.935 -1.71) (end 3 -1.71) (layer B.SilkS) (width 0.12))
    (fp_line (start -3.935 1.71) (end -3.935 -1.71) (layer B.SilkS) (width 0.12))
    (fp_line (start 3 1.71) (end -3.935 1.71) (layer B.SilkS) (width 0.12))
    (fp_line (start 3 -1.6) (end 3 1.6) (layer B.Fab) (width 0.1))
    (fp_line (start -3 -1.6) (end 3 -1.6) (layer B.Fab) (width 0.1))
    (fp_line (start -3 0.8) (end -3 -1.6) (layer B.Fab) (width 0.1))
    (fp_line (start -2.2 1.6) (end -3 0.8) (layer B.Fab) (width 0.1))
    (fp_line (start 3 1.6) (end -2.2 1.6) (layer B.Fab) (width 0.1))
    (pad 2 smd roundrect (at 2.55 0) (size 2.25 2.35) (layers B.Cu B.Paste B.Mask) (roundrect_rratio 0.111111))
    (pad 1 smd roundrect (at -2.55 0) (size 2.25 2.35) (layers B.Cu B.Paste B.Mask) (roundrect_rratio 0.111111))
    (model ${KISYS3DMOD}/Capacitor_Tantalum_SMD.3dshapes/CP_EIA-6032-20_AVX-F.wrl
      (at (xyz 0 0 0))
      (scale (xyz 1 1 1))
      (rotate (xyz 0 0 0))
    )
  )

  (module Capacitor_SMD:C_0805_2012Metric_Pad1.15x1.40mm_HandSolder (layer B.Cu) (tedit 5B36C52B) (tstamp 5E1618A5)
    (at 192.659 152.908)
    (descr "Capacitor SMD 0805 (2012 Metric), square (rectangular) end terminal, IPC_7351 nominal with elongated pad for handsoldering. (Body size source: https://docs.google.com/spreadsheets/d/1BsfQQcO9C6DZCsRaXUlFlo91Tg2WpOkGARC1WS5S8t0/edit?usp=sharing), generated with kicad-footprint-generator")
    (tags "capacitor handsolder")
    (path /5CDDB481/5CDDB876)
    (attr smd)
    (fp_text reference C603 (at 0 1.65) (layer B.SilkS)
      (effects (font (size 1 1) (thickness 0.15)) (justify mirror))
    )
    (fp_text value 100nF (at 0 -1.65) (layer B.Fab)
      (effects (font (size 1 1) (thickness 0.15)) (justify mirror))
    )
    (fp_text user %R (at 0 0) (layer B.Fab)
      (effects (font (size 0.5 0.5) (thickness 0.08)) (justify mirror))
    )
    (fp_line (start 1.85 -0.95) (end -1.85 -0.95) (layer B.CrtYd) (width 0.05))
    (fp_line (start 1.85 0.95) (end 1.85 -0.95) (layer B.CrtYd) (width 0.05))
    (fp_line (start -1.85 0.95) (end 1.85 0.95) (layer B.CrtYd) (width 0.05))
    (fp_line (start -1.85 -0.95) (end -1.85 0.95) (layer B.CrtYd) (width 0.05))
    (fp_line (start -0.261252 -0.71) (end 0.261252 -0.71) (layer B.SilkS) (width 0.12))
    (fp_line (start -0.261252 0.71) (end 0.261252 0.71) (layer B.SilkS) (width 0.12))
    (fp_line (start 1 -0.6) (end -1 -0.6) (layer B.Fab) (width 0.1))
    (fp_line (start 1 0.6) (end 1 -0.6) (layer B.Fab) (width 0.1))
    (fp_line (start -1 0.6) (end 1 0.6) (layer B.Fab) (width 0.1))
    (fp_line (start -1 -0.6) (end -1 0.6) (layer B.Fab) (width 0.1))
    (pad 2 smd roundrect (at 1.025 0) (size 1.15 1.4) (layers B.Cu B.Paste B.Mask) (roundrect_rratio 0.217391))
    (pad 1 smd roundrect (at -1.025 0) (size 1.15 1.4) (layers B.Cu B.Paste B.Mask) (roundrect_rratio 0.217391))
    (model ${KISYS3DMOD}/Capacitor_SMD.3dshapes/C_0805_2012Metric.wrl
      (at (xyz 0 0 0))
      (scale (xyz 1 1 1))
      (rotate (xyz 0 0 0))
    )
  )

  (module KicadZeniteSolarLibrary18:TO-220-3_Horizontal_TabDown_SMD (layer B.Cu) (tedit 5D0C00BE) (tstamp 5E161886)
    (at 191.389 165.608 90)
    (descr "TO-220-3, Horizontal, RM 2.54mm, see https://www.vishay.com/docs/66542/to-220-1.pdf")
    (tags "TO-220-3 Horizontal RM 2.54mm")
    (path /5CDDB481/5CDDB857)
    (fp_text reference U601 (at 2.54 20.58 -90) (layer B.SilkS)
      (effects (font (size 1 1) (thickness 0.15)) (justify mirror))
    )
    (fp_text value LM7815 (at 2.54 -2 -90) (layer B.Fab)
      (effects (font (size 1 1) (thickness 0.15)) (justify mirror))
    )
    (fp_circle (center 2.54 16.66) (end 4.39 16.66) (layer B.Fab) (width 0.1))
    (fp_line (start -2.46 13.06) (end -2.46 19.46) (layer B.Fab) (width 0.1))
    (fp_line (start -2.46 19.46) (end 7.54 19.46) (layer B.Fab) (width 0.1))
    (fp_line (start 7.54 19.46) (end 7.54 13.06) (layer B.Fab) (width 0.1))
    (fp_line (start 7.54 13.06) (end -2.46 13.06) (layer B.Fab) (width 0.1))
    (fp_line (start -2.46 3.81) (end -2.46 13.06) (layer B.Fab) (width 0.1))
    (fp_line (start -2.46 13.06) (end 7.54 13.06) (layer B.Fab) (width 0.1))
    (fp_line (start 7.54 13.06) (end 7.54 3.81) (layer B.Fab) (width 0.1))
    (fp_line (start 7.54 3.81) (end -2.46 3.81) (layer B.Fab) (width 0.1))
    (fp_line (start 0 3.81) (end 0 0) (layer B.Fab) (width 0.1))
    (fp_line (start 2.54 3.81) (end 2.54 0) (layer B.Fab) (width 0.1))
    (fp_line (start 5.08 3.81) (end 5.08 0) (layer B.Fab) (width 0.1))
    (fp_line (start -2.58 3.69) (end 7.66 3.69) (layer B.SilkS) (width 0.12))
    (fp_line (start -2.58 19.58) (end 7.66 19.58) (layer B.SilkS) (width 0.12))
    (fp_line (start -2.58 19.58) (end -2.58 3.69) (layer B.SilkS) (width 0.12))
    (fp_line (start 7.66 19.58) (end 7.66 3.69) (layer B.SilkS) (width 0.12))
    (fp_line (start 0 3.69) (end 0 1.15) (layer B.SilkS) (width 0.12))
    (fp_line (start 2.54 3.69) (end 2.54 1.15) (layer B.SilkS) (width 0.12))
    (fp_line (start 5.08 3.69) (end 5.08 1.15) (layer B.SilkS) (width 0.12))
    (fp_line (start -2.71 19.71) (end -2.71 -1.25) (layer B.CrtYd) (width 0.05))
    (fp_line (start -2.71 -1.25) (end 7.79 -1.25) (layer B.CrtYd) (width 0.05))
    (fp_line (start 7.79 -1.25) (end 7.79 19.71) (layer B.CrtYd) (width 0.05))
    (fp_line (start 7.79 19.71) (end -2.71 19.71) (layer B.CrtYd) (width 0.05))
    (fp_text user %R (at 2.54 20.58 -90) (layer B.Fab)
      (effects (font (size 1 1) (thickness 0.15)) (justify mirror))
    )
    (pad 2 smd rect (at 2.54 11.684 90) (size 10 16) (layers B.Cu B.Paste B.Mask))
    (pad 1 smd rect (at 0 -1.27 90) (size 1.905 4) (layers B.Cu B.Paste B.Mask))
    (pad 2 smd rect (at 2.54 -1.27 90) (size 1.905 4) (layers B.Cu B.Paste B.Mask))
    (pad 3 smd rect (at 5.08 -1.27 90) (size 1.905 4) (layers B.Cu B.Paste B.Mask))
    (model ${KISYS3DMOD}/Package_TO_SOT_THT.3dshapes/TO-220-3_Horizontal_TabDown.wrl
      (at (xyz 0 0 0))
      (scale (xyz 1 1 1))
      (rotate (xyz 0 0 0))
    )
  )

  (module Resistor_SMD:R_0805_2012Metric_Pad1.15x1.40mm_HandSolder (layer F.Cu) (tedit 5B36C52B) (tstamp 5E161876)
    (at 251.079 159.258 90)
    (descr "Resistor SMD 0805 (2012 Metric), square (rectangular) end terminal, IPC_7351 nominal with elongated pad for handsoldering. (Body size source: https://docs.google.com/spreadsheets/d/1BsfQQcO9C6DZCsRaXUlFlo91Tg2WpOkGARC1WS5S8t0/edit?usp=sharing), generated with kicad-footprint-generator")
    (tags "resistor handsolder")
    (path /5CE2CBB9/5CE74ADB)
    (attr smd)
    (fp_text reference R707 (at 0 -1.65 90) (layer F.SilkS)
      (effects (font (size 1 1) (thickness 0.15)))
    )
    (fp_text value 10K (at 0 1.65 90) (layer F.Fab)
      (effects (font (size 1 1) (thickness 0.15)))
    )
    (fp_line (start -1 0.6) (end -1 -0.6) (layer F.Fab) (width 0.1))
    (fp_line (start -1 -0.6) (end 1 -0.6) (layer F.Fab) (width 0.1))
    (fp_line (start 1 -0.6) (end 1 0.6) (layer F.Fab) (width 0.1))
    (fp_line (start 1 0.6) (end -1 0.6) (layer F.Fab) (width 0.1))
    (fp_line (start -0.261252 -0.71) (end 0.261252 -0.71) (layer F.SilkS) (width 0.12))
    (fp_line (start -0.261252 0.71) (end 0.261252 0.71) (layer F.SilkS) (width 0.12))
    (fp_line (start -1.85 0.95) (end -1.85 -0.95) (layer F.CrtYd) (width 0.05))
    (fp_line (start -1.85 -0.95) (end 1.85 -0.95) (layer F.CrtYd) (width 0.05))
    (fp_line (start 1.85 -0.95) (end 1.85 0.95) (layer F.CrtYd) (width 0.05))
    (fp_line (start 1.85 0.95) (end -1.85 0.95) (layer F.CrtYd) (width 0.05))
    (fp_text user %R (at 0 0 90) (layer F.Fab)
      (effects (font (size 0.5 0.5) (thickness 0.08)))
    )
    (pad 1 smd roundrect (at -1.025 0 90) (size 1.15 1.4) (layers F.Cu F.Paste F.Mask) (roundrect_rratio 0.217391))
    (pad 2 smd roundrect (at 1.025 0 90) (size 1.15 1.4) (layers F.Cu F.Paste F.Mask) (roundrect_rratio 0.217391))
    (model ${KISYS3DMOD}/Resistor_SMD.3dshapes/R_0805_2012Metric.wrl
      (at (xyz 0 0 0))
      (scale (xyz 1 1 1))
      (rotate (xyz 0 0 0))
    )
  )

  (module Resistor_SMD:R_0805_2012Metric_Pad1.15x1.40mm_HandSolder (layer F.Cu) (tedit 5B36C52B) (tstamp 5E161866)
    (at 245.999 156.083 180)
    (descr "Resistor SMD 0805 (2012 Metric), square (rectangular) end terminal, IPC_7351 nominal with elongated pad for handsoldering. (Body size source: https://docs.google.com/spreadsheets/d/1BsfQQcO9C6DZCsRaXUlFlo91Tg2WpOkGARC1WS5S8t0/edit?usp=sharing), generated with kicad-footprint-generator")
    (tags "resistor handsolder")
    (path /5CE2CBB9/5CE6EC98)
    (attr smd)
    (fp_text reference R706 (at 0 -1.65) (layer F.SilkS)
      (effects (font (size 1 1) (thickness 0.15)))
    )
    (fp_text value 10 (at 0 1.65) (layer F.Fab)
      (effects (font (size 1 1) (thickness 0.15)))
    )
    (fp_text user %R (at 0 0) (layer F.Fab)
      (effects (font (size 0.5 0.5) (thickness 0.08)))
    )
    (fp_line (start 1.85 0.95) (end -1.85 0.95) (layer F.CrtYd) (width 0.05))
    (fp_line (start 1.85 -0.95) (end 1.85 0.95) (layer F.CrtYd) (width 0.05))
    (fp_line (start -1.85 -0.95) (end 1.85 -0.95) (layer F.CrtYd) (width 0.05))
    (fp_line (start -1.85 0.95) (end -1.85 -0.95) (layer F.CrtYd) (width 0.05))
    (fp_line (start -0.261252 0.71) (end 0.261252 0.71) (layer F.SilkS) (width 0.12))
    (fp_line (start -0.261252 -0.71) (end 0.261252 -0.71) (layer F.SilkS) (width 0.12))
    (fp_line (start 1 0.6) (end -1 0.6) (layer F.Fab) (width 0.1))
    (fp_line (start 1 -0.6) (end 1 0.6) (layer F.Fab) (width 0.1))
    (fp_line (start -1 -0.6) (end 1 -0.6) (layer F.Fab) (width 0.1))
    (fp_line (start -1 0.6) (end -1 -0.6) (layer F.Fab) (width 0.1))
    (pad 2 smd roundrect (at 1.025 0 180) (size 1.15 1.4) (layers F.Cu F.Paste F.Mask) (roundrect_rratio 0.217391))
    (pad 1 smd roundrect (at -1.025 0 180) (size 1.15 1.4) (layers F.Cu F.Paste F.Mask) (roundrect_rratio 0.217391))
    (model ${KISYS3DMOD}/Resistor_SMD.3dshapes/R_0805_2012Metric.wrl
      (at (xyz 0 0 0))
      (scale (xyz 1 1 1))
      (rotate (xyz 0 0 0))
    )
  )

  (module Resistor_SMD:R_0805_2012Metric_Pad1.15x1.40mm_HandSolder (layer F.Cu) (tedit 5B36C52B) (tstamp 5E161856)
    (at 244.729 152.273 270)
    (descr "Resistor SMD 0805 (2012 Metric), square (rectangular) end terminal, IPC_7351 nominal with elongated pad for handsoldering. (Body size source: https://docs.google.com/spreadsheets/d/1BsfQQcO9C6DZCsRaXUlFlo91Tg2WpOkGARC1WS5S8t0/edit?usp=sharing), generated with kicad-footprint-generator")
    (tags "resistor handsolder")
    (path /5CE2CBB9/5CE70590)
    (attr smd)
    (fp_text reference R705 (at 0 -1.65 270) (layer F.SilkS)
      (effects (font (size 1 1) (thickness 0.15)))
    )
    (fp_text value 4R7 (at 0 1.65 270) (layer F.Fab)
      (effects (font (size 1 1) (thickness 0.15)))
    )
    (fp_line (start -1 0.6) (end -1 -0.6) (layer F.Fab) (width 0.1))
    (fp_line (start -1 -0.6) (end 1 -0.6) (layer F.Fab) (width 0.1))
    (fp_line (start 1 -0.6) (end 1 0.6) (layer F.Fab) (width 0.1))
    (fp_line (start 1 0.6) (end -1 0.6) (layer F.Fab) (width 0.1))
    (fp_line (start -0.261252 -0.71) (end 0.261252 -0.71) (layer F.SilkS) (width 0.12))
    (fp_line (start -0.261252 0.71) (end 0.261252 0.71) (layer F.SilkS) (width 0.12))
    (fp_line (start -1.85 0.95) (end -1.85 -0.95) (layer F.CrtYd) (width 0.05))
    (fp_line (start -1.85 -0.95) (end 1.85 -0.95) (layer F.CrtYd) (width 0.05))
    (fp_line (start 1.85 -0.95) (end 1.85 0.95) (layer F.CrtYd) (width 0.05))
    (fp_line (start 1.85 0.95) (end -1.85 0.95) (layer F.CrtYd) (width 0.05))
    (fp_text user %R (at 0 0 270) (layer F.Fab)
      (effects (font (size 0.5 0.5) (thickness 0.08)))
    )
    (pad 1 smd roundrect (at -1.025 0 270) (size 1.15 1.4) (layers F.Cu F.Paste F.Mask) (roundrect_rratio 0.217391))
    (pad 2 smd roundrect (at 1.025 0 270) (size 1.15 1.4) (layers F.Cu F.Paste F.Mask) (roundrect_rratio 0.217391))
    (model ${KISYS3DMOD}/Resistor_SMD.3dshapes/R_0805_2012Metric.wrl
      (at (xyz 0 0 0))
      (scale (xyz 1 1 1))
      (rotate (xyz 0 0 0))
    )
  )

  (module Resistor_SMD:R_0805_2012Metric_Pad1.15x1.40mm_HandSolder (layer F.Cu) (tedit 5B36C52B) (tstamp 5E161846)
    (at 233.934 154.813 270)
    (descr "Resistor SMD 0805 (2012 Metric), square (rectangular) end terminal, IPC_7351 nominal with elongated pad for handsoldering. (Body size source: https://docs.google.com/spreadsheets/d/1BsfQQcO9C6DZCsRaXUlFlo91Tg2WpOkGARC1WS5S8t0/edit?usp=sharing), generated with kicad-footprint-generator")
    (tags "resistor handsolder")
    (path /5CE2CBB9/5CE5F3C6)
    (attr smd)
    (fp_text reference R704 (at 0 -1.65 270) (layer F.SilkS)
      (effects (font (size 1 1) (thickness 0.15)))
    )
    (fp_text value 0 (at 0 1.65 270) (layer F.Fab)
      (effects (font (size 1 1) (thickness 0.15)))
    )
    (fp_text user %R (at 0 0 270) (layer F.Fab)
      (effects (font (size 0.5 0.5) (thickness 0.08)))
    )
    (fp_line (start 1.85 0.95) (end -1.85 0.95) (layer F.CrtYd) (width 0.05))
    (fp_line (start 1.85 -0.95) (end 1.85 0.95) (layer F.CrtYd) (width 0.05))
    (fp_line (start -1.85 -0.95) (end 1.85 -0.95) (layer F.CrtYd) (width 0.05))
    (fp_line (start -1.85 0.95) (end -1.85 -0.95) (layer F.CrtYd) (width 0.05))
    (fp_line (start -0.261252 0.71) (end 0.261252 0.71) (layer F.SilkS) (width 0.12))
    (fp_line (start -0.261252 -0.71) (end 0.261252 -0.71) (layer F.SilkS) (width 0.12))
    (fp_line (start 1 0.6) (end -1 0.6) (layer F.Fab) (width 0.1))
    (fp_line (start 1 -0.6) (end 1 0.6) (layer F.Fab) (width 0.1))
    (fp_line (start -1 -0.6) (end 1 -0.6) (layer F.Fab) (width 0.1))
    (fp_line (start -1 0.6) (end -1 -0.6) (layer F.Fab) (width 0.1))
    (pad 2 smd roundrect (at 1.025 0 270) (size 1.15 1.4) (layers F.Cu F.Paste F.Mask) (roundrect_rratio 0.217391))
    (pad 1 smd roundrect (at -1.025 0 270) (size 1.15 1.4) (layers F.Cu F.Paste F.Mask) (roundrect_rratio 0.217391))
    (model ${KISYS3DMOD}/Resistor_SMD.3dshapes/R_0805_2012Metric.wrl
      (at (xyz 0 0 0))
      (scale (xyz 1 1 1))
      (rotate (xyz 0 0 0))
    )
  )

  (module Resistor_SMD:R_0805_2012Metric_Pad1.15x1.40mm_HandSolder (layer F.Cu) (tedit 5B36C52B) (tstamp 5E161836)
    (at 228.853429 163.146496 180)
    (descr "Resistor SMD 0805 (2012 Metric), square (rectangular) end terminal, IPC_7351 nominal with elongated pad for handsoldering. (Body size source: https://docs.google.com/spreadsheets/d/1BsfQQcO9C6DZCsRaXUlFlo91Tg2WpOkGARC1WS5S8t0/edit?usp=sharing), generated with kicad-footprint-generator")
    (tags "resistor handsolder")
    (path /5CE2CBB9/5CE5C188)
    (attr smd)
    (fp_text reference R703 (at 0 -1.65 180) (layer F.SilkS)
      (effects (font (size 1 1) (thickness 0.15)))
    )
    (fp_text value 820 (at 0 1.65 180) (layer F.Fab)
      (effects (font (size 1 1) (thickness 0.15)))
    )
    (fp_line (start -1 0.6) (end -1 -0.6) (layer F.Fab) (width 0.1))
    (fp_line (start -1 -0.6) (end 1 -0.6) (layer F.Fab) (width 0.1))
    (fp_line (start 1 -0.6) (end 1 0.6) (layer F.Fab) (width 0.1))
    (fp_line (start 1 0.6) (end -1 0.6) (layer F.Fab) (width 0.1))
    (fp_line (start -0.261252 -0.71) (end 0.261252 -0.71) (layer F.SilkS) (width 0.12))
    (fp_line (start -0.261252 0.71) (end 0.261252 0.71) (layer F.SilkS) (width 0.12))
    (fp_line (start -1.85 0.95) (end -1.85 -0.95) (layer F.CrtYd) (width 0.05))
    (fp_line (start -1.85 -0.95) (end 1.85 -0.95) (layer F.CrtYd) (width 0.05))
    (fp_line (start 1.85 -0.95) (end 1.85 0.95) (layer F.CrtYd) (width 0.05))
    (fp_line (start 1.85 0.95) (end -1.85 0.95) (layer F.CrtYd) (width 0.05))
    (fp_text user %R (at 0 0 180) (layer F.Fab)
      (effects (font (size 0.5 0.5) (thickness 0.08)))
    )
    (pad 1 smd roundrect (at -1.025 0 180) (size 1.15 1.4) (layers F.Cu F.Paste F.Mask) (roundrect_rratio 0.217391))
    (pad 2 smd roundrect (at 1.025 0 180) (size 1.15 1.4) (layers F.Cu F.Paste F.Mask) (roundrect_rratio 0.217391))
    (model ${KISYS3DMOD}/Resistor_SMD.3dshapes/R_0805_2012Metric.wrl
      (at (xyz 0 0 0))
      (scale (xyz 1 1 1))
      (rotate (xyz 0 0 0))
    )
  )

  (module Resistor_SMD:R_0805_2012Metric_Pad1.15x1.40mm_HandSolder (layer F.Cu) (tedit 5B36C52B) (tstamp 5E161826)
    (at 226.949 152.273)
    (descr "Resistor SMD 0805 (2012 Metric), square (rectangular) end terminal, IPC_7351 nominal with elongated pad for handsoldering. (Body size source: https://docs.google.com/spreadsheets/d/1BsfQQcO9C6DZCsRaXUlFlo91Tg2WpOkGARC1WS5S8t0/edit?usp=sharing), generated with kicad-footprint-generator")
    (tags "resistor handsolder")
    (path /5CE2CBB9/5CE5D5F3)
    (attr smd)
    (fp_text reference R702 (at 0 -1.65 180) (layer F.SilkS)
      (effects (font (size 1 1) (thickness 0.15)))
    )
    (fp_text value 10K (at 0 1.65 180) (layer F.Fab)
      (effects (font (size 1 1) (thickness 0.15)))
    )
    (fp_text user %R (at 0 0 180) (layer F.Fab)
      (effects (font (size 0.5 0.5) (thickness 0.08)))
    )
    (fp_line (start 1.85 0.95) (end -1.85 0.95) (layer F.CrtYd) (width 0.05))
    (fp_line (start 1.85 -0.95) (end 1.85 0.95) (layer F.CrtYd) (width 0.05))
    (fp_line (start -1.85 -0.95) (end 1.85 -0.95) (layer F.CrtYd) (width 0.05))
    (fp_line (start -1.85 0.95) (end -1.85 -0.95) (layer F.CrtYd) (width 0.05))
    (fp_line (start -0.261252 0.71) (end 0.261252 0.71) (layer F.SilkS) (width 0.12))
    (fp_line (start -0.261252 -0.71) (end 0.261252 -0.71) (layer F.SilkS) (width 0.12))
    (fp_line (start 1 0.6) (end -1 0.6) (layer F.Fab) (width 0.1))
    (fp_line (start 1 -0.6) (end 1 0.6) (layer F.Fab) (width 0.1))
    (fp_line (start -1 -0.6) (end 1 -0.6) (layer F.Fab) (width 0.1))
    (fp_line (start -1 0.6) (end -1 -0.6) (layer F.Fab) (width 0.1))
    (pad 2 smd roundrect (at 1.025 0) (size 1.15 1.4) (layers F.Cu F.Paste F.Mask) (roundrect_rratio 0.217391))
    (pad 1 smd roundrect (at -1.025 0) (size 1.15 1.4) (layers F.Cu F.Paste F.Mask) (roundrect_rratio 0.217391))
    (model ${KISYS3DMOD}/Resistor_SMD.3dshapes/R_0805_2012Metric.wrl
      (at (xyz 0 0 0))
      (scale (xyz 1 1 1))
      (rotate (xyz 0 0 0))
    )
  )

  (module Resistor_SMD:R_0805_2012Metric_Pad1.15x1.40mm_HandSolder (layer F.Cu) (tedit 5B36C52B) (tstamp 5E161816)
    (at 228.854 149.733)
    (descr "Resistor SMD 0805 (2012 Metric), square (rectangular) end terminal, IPC_7351 nominal with elongated pad for handsoldering. (Body size source: https://docs.google.com/spreadsheets/d/1BsfQQcO9C6DZCsRaXUlFlo91Tg2WpOkGARC1WS5S8t0/edit?usp=sharing), generated with kicad-footprint-generator")
    (tags "resistor handsolder")
    (path /5CE2CBB9/5CE5D625)
    (attr smd)
    (fp_text reference R701 (at 0 -1.65 180) (layer F.SilkS)
      (effects (font (size 1 1) (thickness 0.15)))
    )
    (fp_text value 22K (at 0 1.65 180) (layer F.Fab)
      (effects (font (size 1 1) (thickness 0.15)))
    )
    (fp_line (start -1 0.6) (end -1 -0.6) (layer F.Fab) (width 0.1))
    (fp_line (start -1 -0.6) (end 1 -0.6) (layer F.Fab) (width 0.1))
    (fp_line (start 1 -0.6) (end 1 0.6) (layer F.Fab) (width 0.1))
    (fp_line (start 1 0.6) (end -1 0.6) (layer F.Fab) (width 0.1))
    (fp_line (start -0.261252 -0.71) (end 0.261252 -0.71) (layer F.SilkS) (width 0.12))
    (fp_line (start -0.261252 0.71) (end 0.261252 0.71) (layer F.SilkS) (width 0.12))
    (fp_line (start -1.85 0.95) (end -1.85 -0.95) (layer F.CrtYd) (width 0.05))
    (fp_line (start -1.85 -0.95) (end 1.85 -0.95) (layer F.CrtYd) (width 0.05))
    (fp_line (start 1.85 -0.95) (end 1.85 0.95) (layer F.CrtYd) (width 0.05))
    (fp_line (start 1.85 0.95) (end -1.85 0.95) (layer F.CrtYd) (width 0.05))
    (fp_text user %R (at 0 0 180) (layer F.Fab)
      (effects (font (size 0.5 0.5) (thickness 0.08)))
    )
    (pad 1 smd roundrect (at -1.025 0) (size 1.15 1.4) (layers F.Cu F.Paste F.Mask) (roundrect_rratio 0.217391))
    (pad 2 smd roundrect (at 1.025 0) (size 1.15 1.4) (layers F.Cu F.Paste F.Mask) (roundrect_rratio 0.217391))
    (model ${KISYS3DMOD}/Resistor_SMD.3dshapes/R_0805_2012Metric.wrl
      (at (xyz 0 0 0))
      (scale (xyz 1 1 1))
      (rotate (xyz 0 0 0))
    )
  )

  (module Diode_SMD:D_MiniMELF_Handsoldering (layer F.Cu) (tedit 5905D919) (tstamp 5E1617FE)
    (at 225.679 147.193 180)
    (descr "Diode Mini-MELF Handsoldering")
    (tags "Diode Mini-MELF Handsoldering")
    (path /5CE2CBB9/5CE5B970)
    (attr smd)
    (fp_text reference D701 (at 0 -1.75) (layer F.SilkS)
      (effects (font (size 1 1) (thickness 0.15)))
    )
    (fp_text value BAV102 (at 0 1.75) (layer F.Fab)
      (effects (font (size 1 1) (thickness 0.15)))
    )
    (fp_text user %R (at 0 -1.75) (layer F.Fab)
      (effects (font (size 1 1) (thickness 0.15)))
    )
    (fp_line (start 2.75 -1) (end -4.55 -1) (layer F.SilkS) (width 0.12))
    (fp_line (start -4.55 -1) (end -4.55 1) (layer F.SilkS) (width 0.12))
    (fp_line (start -4.55 1) (end 2.75 1) (layer F.SilkS) (width 0.12))
    (fp_line (start 1.65 -0.8) (end 1.65 0.8) (layer F.Fab) (width 0.1))
    (fp_line (start 1.65 0.8) (end -1.65 0.8) (layer F.Fab) (width 0.1))
    (fp_line (start -1.65 0.8) (end -1.65 -0.8) (layer F.Fab) (width 0.1))
    (fp_line (start -1.65 -0.8) (end 1.65 -0.8) (layer F.Fab) (width 0.1))
    (fp_line (start 0.25 0) (end 0.75 0) (layer F.Fab) (width 0.1))
    (fp_line (start 0.25 0.4) (end -0.35 0) (layer F.Fab) (width 0.1))
    (fp_line (start 0.25 -0.4) (end 0.25 0.4) (layer F.Fab) (width 0.1))
    (fp_line (start -0.35 0) (end 0.25 -0.4) (layer F.Fab) (width 0.1))
    (fp_line (start -0.35 0) (end -0.35 0.55) (layer F.Fab) (width 0.1))
    (fp_line (start -0.35 0) (end -0.35 -0.55) (layer F.Fab) (width 0.1))
    (fp_line (start -0.75 0) (end -0.35 0) (layer F.Fab) (width 0.1))
    (fp_line (start -4.65 -1.1) (end 4.65 -1.1) (layer F.CrtYd) (width 0.05))
    (fp_line (start 4.65 -1.1) (end 4.65 1.1) (layer F.CrtYd) (width 0.05))
    (fp_line (start 4.65 1.1) (end -4.65 1.1) (layer F.CrtYd) (width 0.05))
    (fp_line (start -4.65 1.1) (end -4.65 -1.1) (layer F.CrtYd) (width 0.05))
    (pad 1 smd rect (at -2.75 0 180) (size 3.3 1.7) (layers F.Cu F.Paste F.Mask))
    (pad 2 smd rect (at 2.75 0 180) (size 3.3 1.7) (layers F.Cu F.Paste F.Mask))
    (model ${KISYS3DMOD}/Diode_SMD.3dshapes/D_MiniMELF.wrl
      (at (xyz 0 0 0))
      (scale (xyz 1 1 1))
      (rotate (xyz 0 0 0))
    )
  )

  (module Diode_SMD:D_MiniMELF_Handsoldering (layer F.Cu) (tedit 5905D919) (tstamp 5E1617E6)
    (at 249.174 159.258 270)
    (descr "Diode Mini-MELF Handsoldering")
    (tags "Diode Mini-MELF Handsoldering")
    (path /5CE2CBB9/5CE7813B)
    (attr smd)
    (fp_text reference DZ701 (at 0 -1.75 90) (layer F.SilkS)
      (effects (font (size 1 1) (thickness 0.15)))
    )
    (fp_text value 15V (at 0 1.75 90) (layer F.Fab)
      (effects (font (size 1 1) (thickness 0.15)))
    )
    (fp_line (start -4.65 1.1) (end -4.65 -1.1) (layer F.CrtYd) (width 0.05))
    (fp_line (start 4.65 1.1) (end -4.65 1.1) (layer F.CrtYd) (width 0.05))
    (fp_line (start 4.65 -1.1) (end 4.65 1.1) (layer F.CrtYd) (width 0.05))
    (fp_line (start -4.65 -1.1) (end 4.65 -1.1) (layer F.CrtYd) (width 0.05))
    (fp_line (start -0.75 0) (end -0.35 0) (layer F.Fab) (width 0.1))
    (fp_line (start -0.35 0) (end -0.35 -0.55) (layer F.Fab) (width 0.1))
    (fp_line (start -0.35 0) (end -0.35 0.55) (layer F.Fab) (width 0.1))
    (fp_line (start -0.35 0) (end 0.25 -0.4) (layer F.Fab) (width 0.1))
    (fp_line (start 0.25 -0.4) (end 0.25 0.4) (layer F.Fab) (width 0.1))
    (fp_line (start 0.25 0.4) (end -0.35 0) (layer F.Fab) (width 0.1))
    (fp_line (start 0.25 0) (end 0.75 0) (layer F.Fab) (width 0.1))
    (fp_line (start -1.65 -0.8) (end 1.65 -0.8) (layer F.Fab) (width 0.1))
    (fp_line (start -1.65 0.8) (end -1.65 -0.8) (layer F.Fab) (width 0.1))
    (fp_line (start 1.65 0.8) (end -1.65 0.8) (layer F.Fab) (width 0.1))
    (fp_line (start 1.65 -0.8) (end 1.65 0.8) (layer F.Fab) (width 0.1))
    (fp_line (start -4.55 1) (end 2.75 1) (layer F.SilkS) (width 0.12))
    (fp_line (start -4.55 -1) (end -4.55 1) (layer F.SilkS) (width 0.12))
    (fp_line (start 2.75 -1) (end -4.55 -1) (layer F.SilkS) (width 0.12))
    (fp_text user %R (at 0 -1.75 90) (layer F.Fab)
      (effects (font (size 1 1) (thickness 0.15)))
    )
    (pad 2 smd rect (at 2.75 0 270) (size 3.3 1.7) (layers F.Cu F.Paste F.Mask))
    (pad 1 smd rect (at -2.75 0 270) (size 3.3 1.7) (layers F.Cu F.Paste F.Mask))
    (model ${KISYS3DMOD}/Diode_SMD.3dshapes/D_MiniMELF.wrl
      (at (xyz 0 0 0))
      (scale (xyz 1 1 1))
      (rotate (xyz 0 0 0))
    )
  )

  (module Diode_SMD:D_MELF (layer B.Cu) (tedit 5905D864) (tstamp 5E1617CF)
    (at 219.964 151.638)
    (descr "Diode, MELF,,")
    (tags "Diode MELF ")
    (path /5CE2CBB9/5CE6C0A1)
    (attr smd)
    (fp_text reference D702 (at 0 2.5) (layer B.SilkS)
      (effects (font (size 1 1) (thickness 0.15)) (justify mirror))
    )
    (fp_text value BYD77 (at -0.25 -2.5) (layer B.Fab)
      (effects (font (size 1 1) (thickness 0.15)) (justify mirror))
    )
    (fp_text user %R (at 0 2.5) (layer B.Fab)
      (effects (font (size 1 1) (thickness 0.15)) (justify mirror))
    )
    (fp_line (start 2.4 1.5) (end -3.3 1.5) (layer B.SilkS) (width 0.12))
    (fp_line (start -3.3 1.5) (end -3.3 -1.5) (layer B.SilkS) (width 0.12))
    (fp_line (start -3.3 -1.5) (end 2.4 -1.5) (layer B.SilkS) (width 0.12))
    (fp_line (start 2.6 1.3) (end -2.6 1.3) (layer B.Fab) (width 0.1))
    (fp_line (start -2.6 1.3) (end -2.6 -1.3) (layer B.Fab) (width 0.1))
    (fp_line (start -2.6 -1.3) (end 2.6 -1.3) (layer B.Fab) (width 0.1))
    (fp_line (start 2.6 -1.3) (end 2.6 1.3) (layer B.Fab) (width 0.1))
    (fp_line (start -0.64944 -0.00102) (end -1.55114 -0.00102) (layer B.Fab) (width 0.1))
    (fp_line (start 0.50118 -0.00102) (end 1.4994 -0.00102) (layer B.Fab) (width 0.1))
    (fp_line (start -0.64944 0.79908) (end -0.64944 -0.80112) (layer B.Fab) (width 0.1))
    (fp_line (start 0.50118 -0.75032) (end 0.50118 0.79908) (layer B.Fab) (width 0.1))
    (fp_line (start -0.64944 -0.00102) (end 0.50118 -0.75032) (layer B.Fab) (width 0.1))
    (fp_line (start -0.64944 -0.00102) (end 0.50118 0.79908) (layer B.Fab) (width 0.1))
    (fp_line (start -3.4 1.6) (end 3.4 1.6) (layer B.CrtYd) (width 0.05))
    (fp_line (start 3.4 1.6) (end 3.4 -1.6) (layer B.CrtYd) (width 0.05))
    (fp_line (start 3.4 -1.6) (end -3.4 -1.6) (layer B.CrtYd) (width 0.05))
    (fp_line (start -3.4 -1.6) (end -3.4 1.6) (layer B.CrtYd) (width 0.05))
    (pad 1 smd rect (at -2.4 0) (size 1.5 2.7) (layers B.Cu B.Paste B.Mask))
    (pad 2 smd rect (at 2.4 0) (size 1.5 2.7) (layers B.Cu B.Paste B.Mask))
    (model ${KISYS3DMOD}/Diode_SMD.3dshapes/D_MELF.wrl
      (at (xyz 0 0 0))
      (scale (xyz 1 1 1))
      (rotate (xyz 0 0 0))
    )
  )

  (module Capacitor_Tantalum_SMD:CP_EIA-6032-20_AVX-F_Pad2.25x2.35mm_HandSolder (layer B.Cu) (tedit 5B301BBE) (tstamp 5E1617BD)
    (at 239.649 153.543 180)
    (descr "Tantalum Capacitor SMD AVX-F (6032-20 Metric), IPC_7351 nominal, (Body size from: http://www.kemet.com/Lists/ProductCatalog/Attachments/253/KEM_TC101_STD.pdf), generated with kicad-footprint-generator")
    (tags "capacitor tantalum")
    (path /5CE2CBB9/5CE620E7)
    (attr smd)
    (fp_text reference C706 (at 0 2.55) (layer B.SilkS)
      (effects (font (size 1 1) (thickness 0.15)) (justify mirror))
    )
    (fp_text value 10uF (at 0 -2.55) (layer B.Fab)
      (effects (font (size 1 1) (thickness 0.15)) (justify mirror))
    )
    (fp_line (start 3 1.6) (end -2.2 1.6) (layer B.Fab) (width 0.1))
    (fp_line (start -2.2 1.6) (end -3 0.8) (layer B.Fab) (width 0.1))
    (fp_line (start -3 0.8) (end -3 -1.6) (layer B.Fab) (width 0.1))
    (fp_line (start -3 -1.6) (end 3 -1.6) (layer B.Fab) (width 0.1))
    (fp_line (start 3 -1.6) (end 3 1.6) (layer B.Fab) (width 0.1))
    (fp_line (start 3 1.71) (end -3.935 1.71) (layer B.SilkS) (width 0.12))
    (fp_line (start -3.935 1.71) (end -3.935 -1.71) (layer B.SilkS) (width 0.12))
    (fp_line (start -3.935 -1.71) (end 3 -1.71) (layer B.SilkS) (width 0.12))
    (fp_line (start -3.92 -1.85) (end -3.92 1.85) (layer B.CrtYd) (width 0.05))
    (fp_line (start -3.92 1.85) (end 3.92 1.85) (layer B.CrtYd) (width 0.05))
    (fp_line (start 3.92 1.85) (end 3.92 -1.85) (layer B.CrtYd) (width 0.05))
    (fp_line (start 3.92 -1.85) (end -3.92 -1.85) (layer B.CrtYd) (width 0.05))
    (fp_text user %R (at 0 0) (layer B.Fab)
      (effects (font (size 1 1) (thickness 0.15)) (justify mirror))
    )
    (pad 1 smd roundrect (at -2.55 0 180) (size 2.25 2.35) (layers B.Cu B.Paste B.Mask) (roundrect_rratio 0.111111))
    (pad 2 smd roundrect (at 2.55 0 180) (size 2.25 2.35) (layers B.Cu B.Paste B.Mask) (roundrect_rratio 0.111111))
    (model ${KISYS3DMOD}/Capacitor_Tantalum_SMD.3dshapes/CP_EIA-6032-20_AVX-F.wrl
      (at (xyz 0 0 0))
      (scale (xyz 1 1 1))
      (rotate (xyz 0 0 0))
    )
  )

  (module Capacitor_SMD:C_0805_2012Metric_Pad1.15x1.40mm_HandSolder (layer B.Cu) (tedit 5B36C52B) (tstamp 5E1617AD)
    (at 221.869 156.718 270)
    (descr "Capacitor SMD 0805 (2012 Metric), square (rectangular) end terminal, IPC_7351 nominal with elongated pad for handsoldering. (Body size source: https://docs.google.com/spreadsheets/d/1BsfQQcO9C6DZCsRaXUlFlo91Tg2WpOkGARC1WS5S8t0/edit?usp=sharing), generated with kicad-footprint-generator")
    (tags "capacitor handsolder")
    (path /5CE2CBB9/5CE5941F)
    (attr smd)
    (fp_text reference C701 (at 0 1.65 90) (layer B.SilkS)
      (effects (font (size 1 1) (thickness 0.15)) (justify mirror))
    )
    (fp_text value 100nF (at 0 -1.65 90) (layer B.Fab)
      (effects (font (size 1 1) (thickness 0.15)) (justify mirror))
    )
    (fp_line (start -1 -0.6) (end -1 0.6) (layer B.Fab) (width 0.1))
    (fp_line (start -1 0.6) (end 1 0.6) (layer B.Fab) (width 0.1))
    (fp_line (start 1 0.6) (end 1 -0.6) (layer B.Fab) (width 0.1))
    (fp_line (start 1 -0.6) (end -1 -0.6) (layer B.Fab) (width 0.1))
    (fp_line (start -0.261252 0.71) (end 0.261252 0.71) (layer B.SilkS) (width 0.12))
    (fp_line (start -0.261252 -0.71) (end 0.261252 -0.71) (layer B.SilkS) (width 0.12))
    (fp_line (start -1.85 -0.95) (end -1.85 0.95) (layer B.CrtYd) (width 0.05))
    (fp_line (start -1.85 0.95) (end 1.85 0.95) (layer B.CrtYd) (width 0.05))
    (fp_line (start 1.85 0.95) (end 1.85 -0.95) (layer B.CrtYd) (width 0.05))
    (fp_line (start 1.85 -0.95) (end -1.85 -0.95) (layer B.CrtYd) (width 0.05))
    (fp_text user %R (at 0 0 90) (layer B.Fab)
      (effects (font (size 0.5 0.5) (thickness 0.08)) (justify mirror))
    )
    (pad 1 smd roundrect (at -1.025 0 270) (size 1.15 1.4) (layers B.Cu B.Paste B.Mask) (roundrect_rratio 0.217391))
    (pad 2 smd roundrect (at 1.025 0 270) (size 1.15 1.4) (layers B.Cu B.Paste B.Mask) (roundrect_rratio 0.217391))
    (model ${KISYS3DMOD}/Capacitor_SMD.3dshapes/C_0805_2012Metric.wrl
